
[0, 0, 0, 0, 0, 0, 0, 0, 0, 0, 0, 0, 0, 0, 0, 0, 0, 0, 0, 0, 0, 0, 0, 0, 0, 0, 0, 0, 0, 0]
[0, 0, 0, 0, 0, 0, 0, 0, 0, 0, 0, 0, 0, 0, 0, 0, 0, 0, 0, 0, 0, 0, 0, 0, 0, 0, 0, 0, 0, 0]
[0, 0, [75.0, 70.0], [105.0, 70.0], [135.0, 70.0], [165.0, 70.0], [195.0, 70.0], [225.0, 70.0], [255.0, 70.0], [285.0, 70.0], [315.0, 70.0], [345.0, 70.0], [375.0, 70.0], [405.0, 70.0], 0, 0, [495.0, 70.0], [525.0, 70.0], [555.0, 70.0], [585.0, 70.0], [615.0, 70.0], [645.0, 70.0], [675.0, 70.0], [705.0, 70.0], [735.0, 70.0], [765.0, 70.0], [795.0, 70.0], [825.0, 70.0], 0, 0]
[0, 0, [75.0, 98.0], 0, 0, 0, 0, [225.0, 98.0], 0, 0, 0, 0, 0, [405.0, 98.0], 0, 0, [495.0, 98.0], 0, 0, 0, 0, 0, [675.0, 98.0], 0, 0, 0, 0, [825.0, 98.0], 0, 0]
[0, 0, [75.0, 126.0], 0, 0, 0, 0, [225.0, 126.0], 0, 0, 0, 0, 0, [405.0, 126.0], 0, 0, [495.0, 126.0], 0, 0, 0, 0, 0, [675.0, 126.0], 0, 0, 0, 0, [825.0, 126.0], 0, 0]
[0, 0, [75.0, 154.0], 0, 0, 0, 0, [225.0, 154.0], 0, 0, 0, 0, 0, [405.0, 154.0], 0, 0, [495.0, 154.0], 0, 0, 0, 0, 0, [675.0, 154.0], 0, 0, 0, 0, [825.0, 154.0], 0, 0]
[0, 0, [75.0, 182.0], [105.0, 182.0], [135.0, 182.0], [165.0, 182.0], [195.0, 182.0], [225.0, 182.0], [255.0, 182.0], [285.0, 182.0], [315.0, 182.0], [345.0, 182.0], [375.0, 182.0], [405.0, 182.0], [435.0, 182.0], [465.0, 182.0], [495.0, 182.0], [525.0, 182.0], [555.0, 182.0], [585.0, 182.0], [615.0, 182.0], [645.0, 182.0], [675.0, 182.0], [705.0, 182.0], [735.0, 182.0], [765.0, 182.0], [795.0, 182.0], [825.0, 182.0], 0, 0]
[0, 0, [75.0, 210.0], 0, 0, 0, 0, [225.0, 210.0], 0, 0, [315.0, 210.0], 0, 0, 0, 0, 0, 0, 0, 0, [585.0, 210.0], 0, 0, [675.0, 210.0], 0, 0, 0, 0, [825.0, 210.0], 0, 0]
[0, 0, [75.0, 238.0], 0, 0, 0, 0, [225.0, 238.0], 0, 0, [315.0, 238.0], 0, 0, 0, 0, 0, 0, 0, 0, [585.0, 238.0], 0, 0, [675.0, 238.0], 0, 0, 0, 0, [825.0, 238.0], 0, 0]
[0, 0, [75.0, 266.0], [105.0, 266.0], [135.0, 266.0], [165.0, 266.0], [195.0, 266.0], [225.0, 266.0], 0, 0, [315.0, 266.0], [345.0, 266.0], [375.0, 266.0], [405.0, 266.0], 0, 0, [495.0, 266.0], [525.0, 266.0], [555.0, 266.0], [585.0, 266.0], 0, 0, [675.0, 266.0], [705.0, 266.0], [735.0, 266.0], [765.0, 266.0], [795.0, 266.0], [825.0, 266.0], 0, 0]
[0, 0, 0, 0, 0, 0, 0, [225.0, 294.0], 0, 0, 0, 0, 0, 0, 0, 0, 0, 0, 0, 0, 0, 0, [675.0, 294.0], 0, 0, 0, 0, 0, 0, 0]
[0, 0, 0, 0, 0, 0, 0, [225.0, 322.0], 0, 0, 0, 0, 0, 0, 0, 0, 0, 0, 0, 0, 0, 0, [675.0, 322.0], 0, 0, 0, 0, 0, 0, 0]
[0, 0, 0, 0, 0, 0, 0, [225.0, 350.0], 0, 0, 0, 0, 0, 0, 0, 0, 0, 0, 0, 0, 0, 0, [675.0, 350.0], 0, 0, 0, 0, 0, 0, 0]
[0, 0, 0, 0, 0, 0, 0, [225.0, 378.0], 0, 0, 0, 0, 0, 0, 0, 0, 0, 0, 0, 0, 0, 0, [675.0, 378.0], 0, 0, 0, 0, 0, 0, 0]
[0, 0, 0, 0, 0, 0, 0, [225.0, 406.0], 0, 0, 0, 0, 0, 0, 0, 0, 0, 0, 0, 0, 0, 0, [675.0, 406.0], 0, 0, 0, 0, 0, 0, 0]
[0, 0, 0, 0, 0, 0, 0, [225.0, 434.0], 0, 0, 0, 0, 0, 0, 0, 0, 0, 0, 0, 0, 0, 0, [675.0, 434.0], 0, 0, 0, 0, 0, 0, 0]
[0, 0, 0, 0, 0, 0, 0, [225.0, 462.0], 0, 0, 0, 0, 0, 0, 0, 0, 0, 0, 0, 0, 0, 0, [675.0, 462.0], 0, 0, 0, 0, 0, 0, 0]
[0, 0, 0, 0, 0, 0, 0, [225.0, 490.0], 0, 0, 0, 0, 0, 0, 0, 0, 0, 0, 0, 0, 0, 0, [675.0, 490.0], 0, 0, 0, 0, 0, 0, 0]
[0, 0, 0, 0, 0, 0, 0, [225.0, 518.0], 0, 0, 0, 0, 0, 0, 0, 0, 0, 0, 0, 0, 0, 0, [675.0, 518.0], 0, 0, 0, 0, 0, 0, 0]
[0, 0, 0, 0, 0, 0, 0, [225.0, 546.0], 0, 0, 0, 0, 0, 0, 0, 0, 0, 0, 0, 0, 0, 0, [675.0, 546.0], 0, 0, 0, 0, 0, 0, 0]
[0, 0, 0, 0, 0, 0, 0, [225.0, 574.0], 0, 0, 0, 0, 0, 0, 0, 0, 0, 0, 0, 0, 0, 0, [675.0, 574.0], 0, 0, 0, 0, 0, 0, 0]
[0, 0, [75.0, 602.0], [105.0, 602.0], [135.0, 602.0], [165.0, 602.0], [195.0, 602.0], [225.0, 602.0], [255.0, 602.0], [285.0, 602.0], [315.0, 602.0], [345.0, 602.0], [375.0, 602.0], [405.0, 602.0], 0, 0, [495.0, 602.0], [525.0, 602.0], [555.0, 602.0], [585.0, 602.0], [615.0, 602.0], [645.0, 602.0], [675.0, 602.0], [705.0, 602.0], [735.0, 602.0], [765.0, 602.0], [795.0, 602.0], [825.0, 602.0], 0, 0]
[0, 0, [75.0, 630.0], 0, 0, 0, 0, [225.0, 630.0], 0, 0, 0, 0, 0, [405.0, 630.0], 0, 0, [495.0, 630.0], 0, 0, 0, 0, 0, [675.0, 630.0], 0, 0, 0, 0, [825.0, 630.0], 0, 0]
[0, 0, [75.0, 658.0], 0, 0, 0, 0, [225.0, 658.0], 0, 0, 0, 0, 0, [405.0, 658.0], 0, 0, [495.0, 658.0], 0, 0, 0, 0, 0, [675.0, 658.0], 0, 0, 0, 0, [825.0, 658.0], 0, 0]
[0, 0, [75.0, 686.0], [105.0, 686.0], [135.0, 686.0], 0, 0, [225.0, 686.0], [255.0, 686.0], [285.0, 686.0], [315.0, 686.0], [345.0, 686.0], [375.0, 686.0], [405.0, 686.0], [435.0, 686.0], [465.0, 686.0], [495.0, 686.0], [525.0, 686.0], [555.0, 686.0], [585.0, 686.0], [615.0, 686.0], [645.0, 686.0], [675.0, 686.0], 0, 0, [765.0, 686.0], [795.0, 686.0], [825.0, 686.0], 0, 0]
[0, 0, 0, 0, [135.0, 714.0], 0, 0, [225.0, 714.0], 0, 0, [315.0, 714.0], 0, 0, 0, 0, 0, 0, 0, 0, [585.0, 714.0], 0, 0, [675.0, 714.0], 0, 0, [765.0, 714.0], 0, 0, 0, 0]
[0, 0, 0, 0, [135.0, 742.0], 0, 0, [225.0, 742.0], 0, 0, [315.0, 742.0], 0, 0, 0, 0, 0, 0, 0, 0, [585.0, 742.0], 0, 0, [675.0, 742.0], 0, 0, [765.0, 742.0], 0, 0, 0, 0]
[0, 0, [75.0, 770.0], [105.0, 770.0], [135.0, 770.0], [165.0, 770.0], [195.0, 770.0], [225.0, 770.0], 0, 0, [315.0, 770.0], [345.0, 770.0], [375.0, 770.0], [405.0, 770.0], 0, 0, [495.0, 770.0], [525.0, 770.0], [555.0, 770.0], [585.0, 770.0], 0, 0, [675.0, 770.0], [705.0, 770.0], [735.0, 770.0], [765.0, 770.0], [795.0, 770.0], [825.0, 770.0], 0, 0]
[0, 0, [75.0, 798.0], 0, 0, 0, 0, 0, 0, 0, 0, 0, 0, [405.0, 798.0], 0, 0, [495.0, 798.0], 0, 0, 0, 0, 0, 0, 0, 0, 0, 0, [825.0, 798.0], 0, 0]
[0, 0, [75.0, 826.0], 0, 0, 0, 0, 0, 0, 0, 0, 0, 0, [405.0, 826.0], 0, 0, [495.0, 826.0], 0, 0, 0, 0, 0, 0, 0, 0, 0, 0, [825.0, 826.0], 0, 0]
[0, 0, [75.0, 854.0], [105.0, 854.0], [135.0, 854.0], [165.0, 854.0], [195.0, 854.0], [225.0, 854.0], [255.0, 854.0], [285.0, 854.0], [315.0, 854.0], [345.0, 854.0], [375.0, 854.0], [405.0, 854.0], [435.0, 854.0], [465.0, 854.0], [495.0, 854.0], [525.0, 854.0], [555.0, 854.0], [585.0, 854.0], [615.0, 854.0], [645.0, 854.0], [675.0, 854.0], [705.0, 854.0], [735.0, 854.0], [765.0, 854.0], [795.0, 854.0], [825.0, 854.0], 0, 0]
[0, 0, 0, 0, 0, 0, 0, 0, 0, 0, 0, 0, 0, 0, 0, 0, 0, 0, 0, 0, 0, 0, 0, 0, 0, 0, 0, 0, 0, 0]
[0, 0, 0, 0, 0, 0, 0, 0, 0, 0, 0, 0, 0, 0, 0, 0, 0, 0, 0, 0, 0, 0, 0, 0, 0, 0, 0, 0, 0, 0]